146.40
149.60
149.30
147.90
146.60
147.55
148.30
149.55
150.30
150.30
152.00
150.30
148.50
149.10
142.65
144.00
141.65
141.55
142.30
142.90
143.40
145.05
144.95
142.70
142.05
144.40
144.50
144.10
143.80
141.85
142.25
138.80
138.50
140.45
139.65
139.95
138.45
134.00
131.15
132.50
136.35
134.40
134.40
131.65
132.20
136.40
136.10
137.00
136.80
138.10
138.00
138.20
136.70
136.85
138.55
138.10
136.95
136.25
133.80
134.55
132.45
132.55
135.05
134.55
132.25
131.55
132.00
132.65
132.75
131.60
129.25
129.25
126.55
127.10
128.75
127.80
127.80
129.25
126.65
124.55
124.00
124.20
121.25
122.35
123.00
124.35
125.70
123.30
124.65
124.90
123.50
124.45
122.90
125.50
128.55
129.80
129.15
127.80
128.70
127.40
128.80
128.40
127.10
123.55
123.35
122.75
122.50
120.85
119.75
122.20
119.50
117.90
118.15
120.95
119.80
118.80
115.80
111.55
110.45
111.00
108.85
112.10
113.25
112.25
109.55
113.45
114.00
115.50
114.20
114.30
115.05
116.35
116.80
116.70
115.65
116.70
116.90
118.00
117.65
115.55
116.25
116.55
119.50
119.25
119.15
117.90
120.05
120.80
121.90
122.10
122.15
121.35
121.55
119.80
118.20
117.90
119.00
119.60
116.55
116.75
117.60
115.15
113.90
114.15
114.90
112.20
113.00
115.40
116.00
113.65
113.85
112.55
112.05
113.05
112.10
110.75
109.70
107.65
107.50
105.25
104.90
103.45
102.20
104.80
107.25
108.00
106.20
100.70
100.20
99.00
101.85
99.95
101.10
99.75
99.20
98.90
98.60
96.70
97.60
99.00
97.75
99.05
99.60
100.00
98.70
98.85
100.55
101.60
104.50
103.50
109.00
110.00
114.70
114.50
114.55
114.25
113.85
114.80
115.60
116.70
116.70
114.35
115.40
116.35
118.35
117.30
117.45
115.30
114.60
113.25
115.00
113.90
113.40
114.80
114.90
113.00
112.35
110.30
110.75
112.60
110.70
111.10
111.60
110.00
109.50
110.20
110.75
110.50
111.30
111.80
115.80
116.25
116.35
115.85
117.20
118.10
118.10
120.70
118.30
119.00
121.00
121.00
119.25
119.00
120.85
120.90
121.00
120.75
121.65
118.85
120.30
118.75
119.00
118.95
117.65
119.40
118.80
119.35
119.25
119.35
120.50
121.30
120.30
120.20
118.30
118.80
117.50
117.60
117.05
118.95
118.10
118.65
120.90
121.85
122.20
121.45
120.40
120.60
121.20
121.60
121.00
121.00
121.00
120.85
120.55
119.50
120.65
120.35
119.95
119.05
118.90
118.60
118.15
116.60
116.10
116.00
117.40
117.70
117.20
117.50
